3C040000
248400B0
3C080000
250800D8
01044023
00082882
0C00000A
00000000
1000FFFF
00000000
00054080
01044021
2508FFFC
1104000E
00000000
00804825
8D2A0000
8D2B0004
016A602A
11800003
00000000
AD2B0000
AD2A0004
25290004
1528FFF7
00000000
1000FFF1
00000000
03E00008
00000000
00000000
00000000
80001F30
00000000
00000000
00000000
00000000
00000000
00002001
01010001
00000000
00000000
00000001
00000000
00000007
00000001
00000004
00000009
00000003
00000008
00000002
00000006
00000005
00000000
00000000
00000000